1 100 10 10
2 100 10 10
22 100 10 10
3 100 10 10
4 100 10 10
1 200 10 10
2 200 10 10
22 200 10 10
3 200 10 10
4 200 10 10
1 1000 10 10
2 1000 10 10
22 1000 10 10
3 1000 10 10
4 1000 10 10
1 2000 10 10
2 2000 10 10
22 2000 10 10
3 2000 10 10
4 2000 10 10
1 10000 10 10
2 10000 10 10
22 10000 10 10
3 10000 10 10
4 10000 10 10
1 20000 10 10
2 20000 10 10
22 20000 10 10
3 20000 10 10
4 20000 10 10
1 50000 10 10
2 50000 10 10
22 50000 10 10
3 50000 10 10
4 50000 10 10
1 100000 10 10
2 100000 10 10
22 100000 10 10
3 100000 10 10
4 100000 10 10
1 1000000 10 10
2 1000000 10 10
22 1000000 10 10
3 1000000 10 10
4 1000000 10 10
