1 100 10
2 100 10
3 100 10
4 100 10
8 100 10
1 200 10
2 200 10
3 200 10
4 200 10
8 200 10
1 500 10
2 500 10
3 500 10
4 500 10
8 500 10
1 1000 10
2 1000 10
3 1000 10
4 1000 10
8 1000 10
1 2000 10
2 2000 10
3 2000 10
4 2000 10
8 2000 10
1 5000 10
2 5000 10
3 5000 10
4 5000 10
8 5000 10
1 10000 10
2 10000 10
3 10000 10
4 10000 10
8 10000 10
1 20000 10
2 20000 10
3 20000 10
4 20000 10
8 20000 10
1 50000 10
2 50000 10
3 50000 10
4 50000 10
8 50000 10
21 10 10
22 10 10
23 10 10
21 20 10
22 20 10
23 20 10
21 50 10
22 50 10
23 50 10
21 100 10
22 100 10
23 100 10
21 200 10
22 200 10
23 200 10
21 500 10
22 500 10
23 500 10
21 1000 10
22 1000 10
23 1000 10
21 2000 10
22 2000 10
23 2000 10
21 5000 10
22 5000 10
23 5000 10
